4 Loci	
!Typh04
165	0.00171
167	0.00853
169	0.00171
171	0.02389
173	0.00341
175	0.04949
177	0.01365
179	0.01706
180	0.00171
181	0.02048
183	0.01024
185	0.04437
187	0.00683
188	0.00171
189	0.04437
191	0.00683
193	0.05461
195	0.00512
196	0.00171
197	0.07167
199	0.00171
201	0.06997
203	0.00171
205	0.08362
209	0.05802
213	0.07509
217	0.05461
221	0.07338
225	0.03925
229	0.04096
233	0.04778
237	0.02389
241	0.01024
245	0.00853
249	0.00853
253	0.00171
257	0.00512
269	0.00341
888	0.00341
!Typh16
223	0.00171
227	0.01365
231	0.0256
235	0.07679
239	0.06314
243	0.09386
247	0.11433
251	0.1041
255	0.09898
259	0.13652
263	0.07167
267	0.04778
271	0.03072
275	0.03925
279	0.01365
283	0.0273
287	0.02218
291	0.00683
295	0.00853
307	0.00341
!Typh18	
223	0.00781
227	0.02344
229	0.02344
231	0.00781
233	0.02344
235	0.03906
237	0.04688
239	0.10156
241	0.05469
243	0.05469
245	0.05469
247	0.03906
249	0.03906
251	0.01563
253	0.03125
255	0.03906
257	0.00781
259	0.03906
261	0.02344
263	0.01563
265	0.03125
267	0.00781
269	0.01563
271	0.03906
273	0.01563
275	0.02344
277	0.01563
279	0.02344
281	0.00781
283	0.03125
285	0.02344
287	0.00781
289	0.01563
291	0.02344
293	0.00781
295	0.00781
297	0.00781
303	0.00781
!Typh12	
157	0.00758
165	0.01515
169	0.61364
171	0.05303
173	0.15152
177	0.00758
179	0.01515
187	0.0303
191	0.00758
195	0.0303
199	0.02273
201	0.00758
203	0.01515
207	0.01515
215	0.00758
